2 0.523897 0.216993 0.055147 0.078431
2 0.440074 0.369935 0.056618 0.094118
2 0.374632 0.582353 0.083088 0.077124
2 0.409191 0.664706 0.065441 0.111111
2 0.310662 0.730719 0.071324 0.065359
2 0.159191 0.664706 0.053676 0.043137
2 0.175 0.441176 0.082353 0.084967
2 0.197794 0.273203 0.051471 0.031373
2 0.275368 0.169281 0.027206 0.030065
3 0.352941 0.128758 0.036765 0.056209
3 0.420588 0.115686 0.022059 0.030065
3 0.501103 0.089542 0.052206 0.069281
3 0.581985 0.121569 0.0375 0.10719
3 0.627941 0.213725 0.051471 0.095425
3 0.682353 0.342484 0.057353 0.159477
3 0.734559 0.494118 0.045588 0.128105
3 0.756985 0.593464 0.025735 0.060131
3 0.809559 0.720915 0.039706 0.100654
3 0.577206 0.668627 0.016176 0.150327
3 0.675735 0.766013 0.025 0.14902
2 0.644118 0.794771 0.010294 0.028758
2 0.640074 0.854902 0.0375 0.031373
2 0.741912 0.9 0.273529 0.014379
2 0.861765 0.49281 0.044118 0.109804
2 0.932721 0.511111 0.0125 0.109804
2 0.939338 0.666667 0.047794 0.14902
2 0.329779 0.528758 0.034559 0.048366
2 0.391912 0.533333 0.023529 0.04183
2 0.449265 0.529412 0.022059 0.026144
2 0.523162 0.54183 0.053676 0.077124
2 0.627941 0.582353 0.063235 0.11634
3 0.383088 0.68366 0.055882 0.067974
3 0.462868 0.714379 0.058088 0.105882
3 0.552941 0.746405 0.05 0.128105
3 0.642279 0.787582 0.046324 0.118954
