3 0.398162 0.20719 0.100735 0.15817
3 0.533824 0.158824 0.036765 0.082353
3 0.354412 0.317647 0.041176 0.096732
3 0.255147 0.466667 0.063235 0.086275
3 0.154412 0.606536 0.067647 0.073203
3 0.352206 0.6 0.088235 0.133333
2 0.487868 0.547712 0.083088 0.099346
2 0.613971 0.518301 0.051471 0.126797
2 0.743015 0.451634 0.113971 0.150327
2 0.186397 0.149673 0.018382 0.019608
2 0.208088 0.15817 0.014706 0.020915
2 0.238235 0.165359 0.022059 0.035294
2 0.269485 0.180392 0.019853 0.028758
2 0.299632 0.175163 0.011029 0.015686
2 0.207353 0.103268 0.025 0.039216
2 0.245221 0.108497 0.019853 0.026144
2 0.266544 0.113725 0.0125 0.018301
2 0.292279 0.11634 0.013971 0.020915
2 0.324632 0.131373 0.025735 0.040523
2 0.264706 0.069281 0.036765 0.036601
2 0.308456 0.079739 0.021324 0.033987
2 0.352941 0.099346 0.035294 0.047059
