3 0.370956 0.254248 0.096324 0.181699
3 0.528676 0.155556 0.020588 0.054902
3 0.617647 0.158824 0.048529 0.103268
3 0.664338 0.226797 0.018382 0.105882
3 0.658824 0.398039 0.039706 0.192157
3 0.694485 0.584314 0.0375 0.185621
3 0.593015 0.712418 0.033088 0.081046
3 0.45625 0.680392 0.043382 0.137255
3 0.203309 0.637908 0.128676 0.130719
3 0.453676 0.522222 0.051471 0.084967
2 0.4 0.507843 0.017647 0.040523
2 0.282721 0.435948 0.052206 0.064052
2 0.148897 0.344444 0.091912 0.098039
2 0.579044 0.301307 0.036029 0.152941
2 0.566912 0.63268 0.070588 0.198693
2 0.604779 0.928758 0.133088 0.090196
2 0.829044 0.82549 0.044853 0.095425
2 0.933824 0.580392 0.063235 0.175163
2 0.425 0.079739 0.017647 0.031373
2 0.465074 0.088235 0.036029 0.058824
2 0.505515 0.102614 0.022794 0.043137
2 0.446691 0.158824 0.034559 0.027451
