2 0.401838 0.133987 0.043382 0.048366
2 0.314338 0.207843 0.025735 0.060131
2 0.281985 0.427451 0.063971 0.122876
2 0.277941 0.703268 0.185294 0.201307
2 0.551471 0.655556 0.111765 0.11634
3 0.626838 0.515686 0.011029 0.019608
3 0.687132 0.564052 0.027206 0.058824
3 0.694118 0.647059 0.022059 0.054902
3 0.681618 0.75098 0.029412 0.064052
3 0.562868 0.872549 0.059559 0.058824
3 0.431618 0.881046 0.042647 0.013072
3 0.404044 0.518301 0.063971 0.095425
3 0.522059 0.221569 0.027941 0.056209
2 0.338971 0.481046 0.035294 0.039216
2 0.413235 0.508497 0.017647 0.028758
2 0.479779 0.552288 0.025735 0.045752
2 0.579044 0.566667 0.059559 0.087582
3 0.508456 0.639216 0.0125 0.018301
3 0.457721 0.657516 0.0125 0.044444
3 0.302574 0.643791 0.044853 0.064052
3 0.364338 0.604575 0.027206 0.048366
