3 0.338971 0.098693 0.017647 0.043137
3 0.448897 0.221569 0.063971 0.168627
3 0.573897 0.319608 0.059559 0.176471
3 0.708824 0.426797 0.052941 0.176471
3 0.745221 0.55817 0.009559 0.070588
3 0.687868 0.634641 0.006618 0.019608
3 0.591176 0.624183 0.004412 0.016993
2 0.479779 0.612418 0.003676 0.00915
2 0.445956 0.623529 0.015441 0.031373
2 0.433824 0.665359 0.022059 0.065359
2 0.420956 0.73268 0.0375 0.071895
2 0.390074 0.79281 0.052206 0.069281
2 0.294485 0.677124 0.013971 0.033987
2 0.298162 0.526144 0.068382 0.061438
2 0.357353 0.552288 0.017647 0.019608
2 0.395588 0.505882 0.001471 0.018301
2 0.415441 0.466667 0.014706 0.073203
2 0.444853 0.527451 0.029412 0.035294
2 0.494118 0.571895 0.045588 0.053595
2 0.549632 0.643137 0.0125 0.026144
2 0.605882 0.762092 0.063235 0.086275
3 0.680515 0.851634 0.033088 0.037908
3 0.776103 0.818954 0.038971 0.129412
3 0.876838 0.818301 0.077206 0.033987
