2 0.150368 0.198693 0.0625 0.096732
2 0.148529 0.272549 0.048529 0.095425
2 0.076838 0.394771 0.052206 0.04183
2 0.100735 0.522222 0.108824 0.121569
2 0.173897 0.696078 0.159559 0.132026
3 0.2875 0.513725 0.060294 0.088889
3 0.221691 0.292157 0.090441 0.108497
3 0.283088 0.111111 0.073529 0.112418
3 0.392279 0.166013 0.074265 0.101961
3 0.445956 0.162745 0.040441 0.087582
3 0.422059 0.23268 0.033824 0.12549
3 0.382353 0.328758 0.041176 0.084967
3 0.356618 0.421569 0.042647 0.105882
3 0.369485 0.573856 0.053676 0.164706
3 0.380882 0.748366 0.075 0.129412
3 0.570221 0.561438 0.066912 0.100654
3 0.674265 0.428758 0.077941 0.214379
3 0.828676 0.537255 0.064706 0.266667
2 0.507353 0.108497 0.011765 0.018301
2 0.521691 0.118301 0.013971 0.022222
2 0.539706 0.123529 0.016176 0.014379
2 0.562868 0.124837 0.013971 0.024837
2 0.587132 0.126144 0.021324 0.024837
2 0.613971 0.126797 0.013235 0.020915
2 0.636397 0.132026 0.015441 0.028758
2 0.535662 0.170588 0.027206 0.035294
2 0.569853 0.19085 0.030882 0.036601
2 0.605882 0.189542 0.023529 0.028758
2 0.628676 0.192157 0.014706 0.020915
2 0.556618 0.24183 0.029412 0.039216
2 0.587868 0.24902 0.025735 0.027451
2 0.621691 0.237908 0.024265 0.020915
2 0.65625 0.237908 0.022794 0.04183
